000250  2003.6976577942482,1052.5359751043613,261.74790677549413,167.19914938645937
000440  149.95939096503966,163.46036216771333,83.6274380039038,75.2300176495763
001000  2107.171799031762,208.7808021187133,5.761655155879753,3.6758974716689568
001540  106.07863299822505,74.08625603533582,33.504934638964606,47.783074641783166
001810  418.2674363168121,504.4363146677246,9.577440541486146,9.83192080250175
001840  83.15191768800351,330.55637273475094,2.3373188300305556,9.013878188659973
002230  84.1064560050379,1121.4498056831019,18.346020899104673,49.65436089162315
002290  918.0878683585003,173.8040275712851,15.152708621365218,12.242911781471308
002800  146.15087068889383,75.81138143811624,48.59899837527648,31.39400155019002
003310  22402.171985619094,3371.530516282215,25.75296877302401,18.239152027072603
003380  25406.839365559557,9767.792217566648,243.3626721962971,306.5478030512624
003800  22.614398735692685,0.17950549357115003,47.84644185223007,22.9128784747792
004590  165.34668903683018,145.6451128218482,9.973951505638906,8.938058451861279
004650  79.57952717025277,135.73395546681263,31.05498463628061,15.648926125740665
004780  264.6104788459604,169.43335628565652,18.27071259162103,28.711205710198474
005160  21971.26525551498,7482.036082733986,57.791472713699825,29.36362072739366
005290  10126.32756245744,3109.082575651895,183.03431611063945,269.17569644296555
005670  70.42147529796972,195.1471837699262,14.711940969021136,19.40503943710385
005860  13200.075973751027,11346.46633239716,45.4209127298803,64.76538856175847
005990  36.44601726962628,128.23953715172593,69.53390237578051,59.052707154051966
006050  620.6995885195555,482.8040101554899,2.825850640396874,2.477678124553084
006140  1338.481228078614,282.71829127635556,39.01492550384737,26.627053911388696
006580  0.0,0.0,0.0,0.0
006620  325.78494659145673,845.7925336629544,24.844992921251233,22.360679774997898
006730  859.5082506191629,2265.3269131260804,50.70778950766225,58.156875966838356
006910  1844.9500014375378,7941.159755490519,19.52745605711188,40.908094825134825
006920  305.34753915336125,322.25637826633204,21.86777976575251,19.524912860809962
007370  713.8811479821613,328.52102249661624,60.145505150445686,52.958054680620165
007390  2648.3191488670664,4327.742420965257,89.28785191435458,121.2073521789096
007720  2919.9168113533174,2712.576156637,5.183018778940629,6.873540249067836
007820  1118.446785161589,1143.8563060493607,48.339761793365646,28.807792155749947
008470  91.70981925034135,72.33321044536419,11.755398166637804,7.063206700139028
008830  187.41539055271036,233.39919070601385,14.633930609308067,14.590712418826195
009300  272.43388299464146,163.86586994653084,78.87871853201511,74.72616676907762
009520  20597.23875233289,11413.31982986935,162.14675846256304,194.60529854611417
009780  17.821463984869364,108.51097742727335,24.520373147070828,18.929694486000912
010170  2989.7740757343863,1867.3256363640007,21.226688872725294,22.497530728701957
010280  5707.559801401689,554.2236251430163,4.525336236580693,2.4997777679003574
010470  1613.207546129343,1020.2781369149621,82.74303589785772,158.17571101643753
011040  250.42735585777098,104.40072903108587,21.128416637177832,22.825424421026653
011080  780.8660937699779,2626.303710329193,5.855171944662333,8.464041587799528
011560  873.3353328120769,831.9534335259129,56.266054478490695,43.338461235053366
012340  244.2017086461993,291.2140488064101,3.0517561174878227,6.574360974438677
012620  98.21416849324729,72.21961106390857,51.240592649457476,29.4561821468205
012790  280.53094079066375,230.0942826079972,55.320464550896105,47.2922356793962
012860  15575.944177874357,10527.779537754177,32.08745204225471,42.357276693490206
013030  879.840633332216,454.4129350662848,249.04604675181153,92.13516640723502
013720  36316.68760993128,14472.696061089191,3.264605379374129,2.6423894910141876
013810  254.13317196834615,238.7672064771226,15.236600875638123,23.072349974229617
013990  3742.463666282457,1255.7091405080857,23.10001779350729,20.524375751773793
014100  12809.63365789716,9724.806847553438,250.0253889293269,325.5397654494592
014190  1068.018253886494,96.01747526130623,3.786167935773213,4.771326393735348
014570  200.95226471754245,297.22246812035524,33.39605614555413,41.06363625182531
014620  939.2892335739897,2601.048600511383,22.279092451396142,27.800879282657405
014940  210.49434407265318,197.53459331356507,4.892177705839711,6.244997998398398
014970  27.356588501552753,55.35321931820124,14.576933584122584,13.63105115372823
015710  497.3231236148164,417.6467726041549,16.03196598682475,28.74408151641347
015750  7754.6854160684825,4310.889009112724,56.03440298975543,32.6275275734395
016100  572.5636489980882,609.873893157885,38.67471539419601,58.59939324676399
016920  690.9586111260803,2022.4298982494631,5.302307431665572,3.813572253587617
017000  869.7969346900767,301.6169682818848,24.9463524283553,36.706039466732626
017250  1357.1403989399785,4712.358782912109,5.810930172468329,6.920179830675566
017480  746.2497203760215,234.31971510926869,27.413661648039163,23.449709782615415
017510  97.78683095393004,360.9895981880916,7.295601856708801,7.566372975210778
017650  110.31888316761861,47.94701937208054,7.184212081070996,4.422166387140535
017890  192.9012029239064,55.52377868985506,46.82422241074,26.457513110645905
018000  5102.517961593775,5474.582594337419,9.917033560021524,9.36548035192121
018120  40.108541599778796,23.88176896481684,49.526372797706465,58.45130927152578
018310  458.4415463336484,208.79382706924594,164.01758744303842,182.67153278190037
018620  302.9434684181722,675.166581091083,5.4467433873439886,10.543244282477758
018680  103.43908410609407,43.9466975121251,12.763354802184715,22.79193327083558
019010  38.73125742561155,564.5630453919401,2.894251362084896,7.127801593447703
019540  552.03089991784,115.52387439640155,9.04952267039067,12.013880860626733
019660  1553.2417176688127,1499.1591717433553,13.198713398654153,24.81865337917341
019770  345.85578006379757,485.6059399234002,38.58110367620514,44.5857475981831
019990  3500.0697659168327,860.1184001183921,52.25209045900567,52.69303137565302
020710  159.46248160147766,174.52728535485025,5.868840451180728,10.878112581387146
021040  365.4477760270567,269.2582403567252,17.8559387136749,4.714045207910317
021080  832.9842093509911,2882.7581345340473,30.091777754887328,30.760725320158205
021320  294.533253927455,195.72172990129516,30.445871519992043,5.5876848714134
021650  94.5829555674328,465.46421869880487,11.653156043992546,6.148622248565572
022220  6570.628599574655,720.1922312827319,10.142276116745387,9.879777325425914
023440  12303.31184096312,16333.976775387215,24.31047016035013,42.831712031572536
023460  192.81191603108874,155.1663802360407,22.1244234832029,23.4408238383855
023600  188.59216081732603,72.28604444996441,9.304648452810294,6.155395104206463
023770  160.59484896810494,273.3935807585833,49.24825091840695,47.72723424721874
023900  173.94914156199826,175.07516163700157,111.30294458577968,75.55718952481548
023910  43.555578856579736,10.24266675344962,81.79820860068365,91.6515138991168
024060  63.47652724374671,251.6424292964567,5.512260480850022,13.743685418725539
024120  375.7770250143242,534.8770253265906,28.457573803186158,23.386249521175188
024740  560.5516515061242,2220.509379999703,4.205937035614613,5.467073155618907
024800  339.561451269642,260.96666453782944,11.085703404799736,11.953614051360741
024810  18909.062169418954,6429.985395179542,4.609856878151938,3.325991915537713
024830  76.0190430165011,119.0386305178095,32.40611188354672,52.069398135778584
024840  963.1542861765341,1332.7576344640545,9.733065819120615,13.687179727353946
024880  4152.428301758948,3386.6894887682474,21.460706294812773,18.257418583505537
024910  1429.98798085516,829.7686966860106,20.812077258974092,24.04535067094861
024940  529.8608715353334,2608.89470444648,33.570092234187605,45.22044768563097
024950  252.2014580494087,222.84007469234277,18.08754292758217,32.38826948140329
025320  4433.077645499814,3590.101353567736,8.7869925625008,9.889669132764535
025550  779.3419033320882,431.35615086479163,17.30698523062734,11.953614051360738
025770  277.54017998993396,521.8535128643755,25.737811942346703,29.089898972361905
025870  353.5402253590534,140.59524253054306,82.76818422860005,197.88885769542458
025880  6390.997504538527,815.9439523235241,33.286821521327575,47.26667842030883
025950  411.05949246739783,128.29566979788868,100.80116115149721,117.0037986088011
025980  5006.253552783306,2885.0643289573673,31.25538455171438,15.947831618540915
026040  92.49787240571412,102.80631735885142,2.446088852919855,4.268749491621898
026150  847.8182699957614,1031.4211425665724,67.3923390848374,60.383956662529336
026910  358.84832549086286,35.73507458444092,15.667592831717283,10.16530045465127
027580  384.4561763177241,258.5594365367899,0.6419273787784644,0.4988876515698591
027710  1982.2572419221897,2141.725140835978,5.596936875947437,6.467783408728391
028080  6952.457223331018,2172.3455577375858,88.08873588727745,31.69998247458331
028300  4916.574001748801,1285.796782370976,276.81855423128945,239.90738953928775
029480  202927.3885082144,65199.98819832886,379.766002218744,305.6679389286501
030520  6032.756657503902,872.5229197881025,123.20976081987304,46.39923371014752
030530  815.4524072635793,732.3369321714031,24.18171753741478,24.576411454889016
031310  522.6542043011549,582.2798143695369,3.748048399555566,9.994442900376637
031330  3043.3216418947527,1863.6988696317512,13.162713395550428,12.489995996796797
031510  430.18381957766707,328.026254030578,5.379461461814436,6.41733762725807
032080  1093.6707934156636,358.3837561423044,9.731462005143124,8.485870609430712
032190  2246.812494868402,2062.24011534383,170.70887279453416,165.6971802884876
032300  333.437327863728,243.3287328332234,60.91224646153377,88.78751163436344
032500  1522.928796308754,2325.593048378556,75.34174654275266,107.30279068546581
032540  883.6759203203435,228.37527595312648,60.2112133952005,53.03667494186345
032620  4056.082104122131,1488.8966071110065,54.719034501099976,37.392809766347085
032680  10202.212854473859,5382.30338847185,26.929321296190604,19.513072541247826
032820  5465.95846848367,5704.059393098918,2.8453002672516052,2.557994005726623
032850  438.7462128999259,363.7500912561932,11.322534693409192,13.535960336164635
032940  364.9575945033066,206.66392740120102,27.665874725908008,24.628348616087823
032980  1291.061528730425,1037.8243246758523,5.070368510929803,5.395883204402739
033050  1206.7118591138974,221.3561961083438,3.5478005380303275,1.8027756377319946
033100  1265.5833424433713,788.9327594217955,46.066955749981574,40.78262157123082
033130  2695.3156975904362,3684.292003296638,17.739002690151647,26.699979192667712
033160  3532.2267233843045,5647.412343916655,224.00943937298666,145.22932057802774
033170  14662.70726443724,5485.739703084718,9.561346915508802,5.670978751503128
033200  45.08537398015326,58.32300861009603,20.386484270096712,14.624940645653545
033230  6408.628126038863,4807.809510577555,9.647804147573018,7.033649282003068
033310  957.9660740127581,794.7355737742098,21.092679882864545,13.145552691140665
033320  777.5133686963594,768.6981953637953,42.41782163303028,72.39244896166082
033340  0.0,0.0,0.0,0.0
033500  1777.21813333207,2673.731144341597,68.83753060029625,124.69696601494896
033640  222.3092641996987,257.0676607864595,35.17460535105544,38.61634656751234
033790  0.0,0.0,0.0,0.0
034230  2561.49945843178,3212.1069886706246,77.11904118988944,127.94486659842545
034940  2443.5906577840674,644.8485265721108,10.124099888048525,14.776106839534334
034950  1.0422899626711943,7.523001764957627,43.756967633066246,90.67647005823626
035080  203.90137074241252,259.7043297461343,47.5847455860278,41.33870932780666
035200  956.1896056299045,492.5022459057646,18.868899803981545,41.74792077324197
035290  167.6988840535296,494.90387843387214,16.48005132186426,52.072598893809364
035460  400.39170207242,462.65070697737696,11.978996533952992,4.856267428111155
035600  942.1363009529783,1558.3261422293972,137.47840621282273,175.8120840240764
035610  607.6011205949006,1218.097126669298,34.0463966961509,57.22979992975687
035620  2175.37609795038,882.3197984102287,5.695352907858935,4.422166387140532
035810  817.3274256426222,1322.3338307704303,8.658751955786808,12.42309676905615
035890  1460.331764224314,3814.321099342436,1.9869501412173545,1.6248076809271919
035900  1030.4745853089933,920.3848355745304,338.75575723419564,146.401275039985
036010  1696.2244399478443,1081.2015872270176,27.13131439137325,38.599078860626825
036030  244.23424896251782,308.7363150363465,14.266673798384502,19.13693345920977
036090  4719.335262676307,1407.1861161749555,2.4362848501289296,2.883670500517622
036120  29924.85912943874,9392.54681448127,80.26523409528218,99.94290036482498
036170  651.2958730530871,2893.010455102666,1.0708511401740533,1.4079141387961915
036180  11997.067011839872,15170.54790250577,3.6524335108950092,7.144228439796701
036190  80.8323118751414,50.729829051117015,163.5009793222476,157.55069730795302
036200  558.3457616873013,626.2458560519361,17.371499377853244,33.2398689661811
036480  204.22247667479778,44.817171808235365,26.60459303292291,41.76787707743302
036540  38168.09332751722,14322.688788732681,44.78820548622572,50.78959867269413
036560  1833.1709856538423,731.6314046172582,138.69017117158873,218.05198157014456
036620  212.1734216957663,1127.379075062549,4.185103158768221,4.246436414480055
036630  1749.9752476322922,2243.086652113308,4.666617114845194,6.635259351876658
036640  543.0279618267391,205.9962674958511,12.493494665185217,11.813363431112899
036690  764.2751900179693,686.4858993453544,38.200277306117925,67.28649360920973
036710  1427.5295419472602,1049.0052965653808,19.29156323553795,21.249836600678968
036800  80.39365944319273,77.25631941070509,67.70352213488822,72.26494462892934
036810  1266.947301643,486.39997258771854,53.542557008702666,76.7571929311297
036830  349.05445937380733,159.54614797397446,311.653640561663,260.7467907547261
036890  1578.164794508619,1821.9820879714732,39.16134346597871,95.37586463857383
036930  12071.713074866992,2741.1035046734983,168.99223855238714,121.56571153998247
037070  135.36568577958184,336.2933970343291,8.224225021923848,17.349351572897472
037230  1268.6060815787232,280.2511889161024,18.90883985774561,12.785625609340446
037330  728.4041327760032,245.92335978692407,6.07051864918767,4.465298297861958
037370  4772.980314022226,2721.8831544845325,120.66154796424584,178.32056029023187
037400  614.4179703163466,377.09216232757854,3.1288659749631345,2.526306042866188
037440  4834.6546955262465,2480.672606147149,126.15914169119122,199.7453934943738
037460  491.1299380255434,643.7643668299762,76.57333443376963,146.0532627350569
037760  130.49758291524853,255.14841868127579,5.643778632517546,2.7616420236277306
037950  862116.5794226469,111159.49817726878,74.00739620489358,65.60931505679831
038010  3025.4962905894376,1975.452162305014,39.57369079479128,52.87721626560914
038070  827.9092494266266,578.2091278729138,34.61096408000428,31.126980079810007
038110  26022.220239629667,24807.341813261653,18.003930661130102,24.73189573539939
038290  404.56317316607795,118.11727223399629,54.00697530776798,24.34930982366622
038390  35.21635227024008,127.47681706447212,46.62601668427007,43.64121395602504
038460  309.5109969484929,412.78831809482614,22.351370582348395,11.32843031197762
038500  14537.24716457106,2219.7588530188486,53.662431995766944,40.46294601237038
038540  1905.1503910418708,535.2385760885825,48.0374463715775,33.56585566713095
038620  826.5739578551762,818.2191020068459,2.656153400030827,1.1930353445448854
038680  658.9882953141748,1463.1902606595252,16.231929839237583,36.672726771933505
038870  1945.6206470926802,1807.6427437104069,21.840401135239684,75.95612768785237
038880  5143.131145439354,17533.502304508995,2.2105602192273315,3.2653058390022567
038950  921.419780594469,374.2636088225636,14.831695396867934,23.084386257574387
039010  784.8504725793395,714.4657957756505,15.550930055734131,37.16180835212409
039020  896.418741344416,953.1899402649098,5.0337053336539475,5.8594652770823155
039030  317.6270891185692,258.8196798287693,191.92870684701307,174.51520150277906
039200  1140.1002046254043,1458.3332514285692,99.01702099866756,101.34046027569093
039240  1059.858036357724,594.2253182832998,6.91858406113781,6.531972647421808
039290  668.5982447652893,1096.560187839936,66.41558685202642,137.9065706274441
039340  331.4693017805613,1185.9836405092422,9.536609999415795,18.390818965511638
039420  1838.0476833206067,759.9179049227766,9.539337472658872,5.842849380986034
039560  9156.434323882602,3497.5841314636973,110.87439809986002,126.26955294131677
039610  1425.490694856978,498.830923259575,27.142818023177597,46.3093463088776
039740  1684.4746260685813,501.41910170590387,37.11570344541053,25.584283369982344
039830  142.7716280398629,175.1354396523509,22.837251639261744,26.322782696532848
039840  542.8147322123486,177.65812674910202,96.69351475691525,40.99457958749613
039860  661.583724054184,1721.4255784733248,30.350021900229862,27.006172134038792
040160  470.84498842161236,369.5877598382043,42.205088685206185,42.01058067783506
040300  1713.5727960513746,1116.627850569144,21.677803376014754,33.60059523282288
040420  99.45202619900937,70.4801311639592,7.9671542162764295,8.306623862918075
040610  224.68564234772813,341.3117441089109,2.161049577347642,1.022524110011865
040910  556.1201294100651,286.0320028714736,38.225466175156235,27.016455890602856
041020  73795.0870289535,44715.36822296732,47.98922442351023,59.07622195096772
041440  7285.502550769828,1908.1517669083757,31.35510420702674,15.648926125740672
041460  613.6268156514809,654.6655473513854,47.34138861464182,35.82209125975509
041830  326.2637161668345,258.7396482094608,164.10448183196004,178.1385228784985
041920  332.9570724143874,927.5096309772507,15.685846666340922,35.79455265819088
041930  432.07969598635714,209.44346625176817,38.031697169521266,21.092389359408497
041960  1192.5917124967457,973.115528712918,40.455265565395834,41.91128196029746
042000  386.1154927962815,96.59033768101928,55.15280070493552,62.101171933833534
042040  9901.759099856557,5152.786269474884,1.8446423813542958,2.6025628394590834
042370  10616.144095910742,2461.6993419180985,174.11527512615905,140.53706509909287
042420  458.9339477161013,673.7380376179849,119.59435427042985,98.72802146413258
042500  974.6861422850637,811.2703899166761,57.562796546953244,86.64679259307103
042510  496.4163248059222,846.8453748405839,3.8031697169521292,7.993052538854535
042600  477.3693500403649,291.6559998049452,237.72683455345427,198.52931493582727
043100  1729.1690430968797,2895.236935996009,2.758394622765412,2.996479415729213
043150  717.0440550615167,89.87980245243581,147.96574117651247,112.34866364235145
043200  728.5450298793579,1465.7859855911965,4.644937270583823,4.756749590494192
043220  716.8865377536998,1127.3332170313363,1.0402913223611028,2.196208854670551
043340  137.08998085635818,797.2156748472916,3.067401019013719,3.5301872786329946
043360  226.06077843426513,198.467450451929,8.631669780812679,6.643710475998249
043370  148.60169615416888,134.9760678375574,7.482202261124643,11.100550536897806
043610  418.9302018807749,977.3814540222594,2.830633673352298,4.099457958749613
043650  99.99349614645989,111.80218642266743,49.51166313789651,46.84371178006002
043710  878.02813320845,219.53081535148743,9.873392069990027,7.0698106213831675
043910  955.3266604129362,3326.290994820239,0.8679757449724974,1.2489995996796797
044060  27288.101012184725,11370.964781700217,9.940719190425455,12.281919864400498
044180  3962.449002288056,5249.093556563414,3.8851889308109233,1.5577761927397236
044960  495.5355231813875,285.4723960191053,7.426364150465382,4.988876515698587
045060  1492.1385786786927,228.84832677270478,16.660595494989323,16.15549442140351
045100  1116.0168720448924,149.94968044869807,98.15997052105864,90.93404203047393
045300  1324.5869699642071,474.2577838639609,27.45633180319994,43.75595197608359
045340  97.1812407226163,855.0675873221304,4.41711739923521,25.16390713347636
045390  2470.6223682660375,1298.8115935560306,7.7754650278670665,5.785518319236593
045510  274.63330200891596,61.14569122641067,3.4517636385536585,5.709640969448079
045520  377.39761999727097,267.8994442364937,31.560193054541955,76.98845512297426
045970  19675.03193412252,8205.756940100044,92.24001628110211,93.69038845521396
046070  809.2536225426088,578.9110428688984,9.71358832393833,4.751140214025822
046120  1967.89879332501,1030.6453318188562,32.894527629544456,29.437315698880482
046310  313.695422182127,208.2617583715263,4.099440331335107,7.566372975210778
046390  721.6232453438591,963.7344268809511,4.539112025635577,4.346134936801765
046440  3133.623129342995,2565.8726312894014,65.89020603079366,119.35753944440302
046890  1050.615114409854,679.6812725257496,59.48967853533293,47.44704650683983
046970  3423.182465710583,4666.05283689187,10.028886478360278,11.73243367763057
047080  470.0114418427059,845.6087117179752,33.88402206191897,42.21670285562339
047310  2443.856964227345,9294.300959907278,91.19965861520346,101.21703853052058
047560  1395.3350240513685,787.2169854761913,53.794614618144365,49.12568913850811
047770  2028.4188615874446,1426.1929680874962,5.082257808580986,4.560701700396552
047820  1621.3085457815705,266.7987610332719,105.53564873049136,84.98365855987976
047920  1020.5220828282269,646.7511809034446,27.485688263407475,37.749172176353746
048410  4148.585433978393,2674.3713728650323,212.26688872725285,290.1388556459744
048430  223.68635132012292,53.49497380336048,8.173457715690276,9.16515138991168
048470  59.483853474211955,179.04467474782817,21.49825150792555,7.738791177495935
048530  494.95774317997984,531.6829307857164,28.361425342365504,30.84189070440108
048550  6918.3817978883435,13592.139145681062,10.986700881242834,11.26079728773925
048770  1621.8701567668818,2108.0584508552465,12.749079255077099,20.428737928059416
048830  476.6032737414873,344.0057880650008,6.684973131197188,8.262969603397234
049070  9905.237069275181,3352.0463096774515,229.28200830860467,219.6208854670551
049180  2377.4150194734398,839.1986945228698,20.63003478105739,20.223748416156685
049430  223.6493650819534,20.715533624151064,24.617785843017952,36.28437067878614
049470  1949.595784034175,2737.850111350551,1.1267257546176115,2.404625172916191
049480  12595.262680121821,35776.14963631497,45.07480197574878,69.6371548337045
049520  590.2182474344371,944.8641295621998,51.5937464448594,32.6326353347211
049550  307.4416334208135,198.60469111612989,47.838285513530785,40.966110655299246
049630  791.1293262305857,1670.1029858464817,2.8251140704272673,1.8199511592958255
049720  838.5353243092769,2644.7204716819,18.969277971598913,28.015868519267595
049830  237.3847888582364,46.02908500792371,91.66627250569562,65.31632431653073
049950  4016.9888552321518,927.6522750111344,465.3666049504646,386.2210075418822
049960  433.2413611407868,520.9379798871349,71.60709072604233,48.092503458323826
050090  5498.339127148125,4693.947741033719,4.599914038015058,7.65542654301872
050110  5778.30179154505,3161.667099630967,17.58316051848867,13.707297326606732
050120  360.2398611262013,548.4824964289097,16.346915431380552,22.568414506414342
050760  41.48718192777151,412.31622842452146,8.07096516335278,8.439325934114777
051160  621.8643581334707,669.0115336989505,24.418310797129756,12.806248474865697
051360  407.6540074650185,290.9056528995078,81.19554126253308,55.095876030385035
051370  331.3649192015041,338.7705614915991,51.4027981601086,41.150131632029236
051380  133.927512349016,670.8453241164382,5.549887269059759,11.279282877125752
051390  178.97684117622413,22.069486224699983,28.573435339069093,11.05667219374799
051490  986.8747304550978,1085.3725776074418,14.978305504830836,30.457620830699607
051500  219.99073861879663,188.22892681224343,85.52950699072807,89.89191040107869
051780  5908.345994016904,2075.346331472306,5.464672275637841,7.032938377536251
052020  3415.785843433366,2297.2009656681466,103.45136646620615,117.86244336325102
052220  1467.6680371329355,728.7104012492814,31.93792757023834,35.11133087132351
052260  189.13561525354257,197.47057164718663,121.62702065744378,151.74723134944583
052400  984.7196487734676,820.2186354869048,140.41635724478064,272.35271248878723
052420  1412.445613771604,660.4582491640851,9.234261859595017,6.926679499506883
052460  877.3558504058744,969.4127254282471,15.02339486734841,29.589788028229524
052670  4403.490355753651,363.0997781449184,29.325508211143276,29.36997711193448
052710  681.2366731075776,549.4626880467458,60.18182646989753,103.65755586974298
052770  0.0,0.0,0.0,0.0
052790  240.79137649159264,132.5703544873019,43.285947569897736,46.09290135753613
052900  571.7887317865988,1490.0715974595166,3.6059841580599,2.9175712882845244
053030  1445.1806313509915,805.7366188084596,94.00555699030369,101.83919786713867
053060  1666.9416623635047,991.2979420941011,17.565338112820086,18.282019095882767
053160  351.7925406760897,65.45682207039656,24.84918086783323,14.2828568570857
053260  616.2733524607191,167.04030119172512,28.04040491883966,13.780017739062933
053270  1539.1547344455257,925.357709213037,10.915435042379762,15.115297622680876
053280  148.4630661070922,171.60724214191995,17.77416427607214,10.376254944182254
053290  873.0904979954291,637.4044076478361,37.39014432734887,36.97033345204714
053300  683.8509537546122,1311.3141737288674,44.558184902792284,80.14500746910079
053350  339.43334367307875,222.6669685626696,8.125575301812905,22.460459083069118
053450  309.61151180376874,247.49120972044417,20.594696386467575,23.323807579381203
053590  0.0,0.0,0.0,0.0
053610  1825.5700069173156,645.5039753729037,136.17336076906733,80.29459646963937
053700  1056.3705873877893,596.4612393106529,39.893197686374045,29.36362072739366
053800  655.6521501036078,254.03722605599012,217.8315227888275,102.41527663824817
053980  172.93581782374739,462.87129120547337,36.14486980061245,14.403896077874979
054040  471.7488308594667,381.3152676373362,13.380293646423315,10.828203913853857
054050  170.8065033963795,200.21232063320508,29.388495416594502,22.79376132970501
054090  10247.460294076189,4690.2771921165695,23.305195858568613,26.145426623662757
054180  1709.558567993078,1747.2156010826673,8.326705654408048,18.865282634747054
054210  999.8169759670226,780.0824521947807,65.73367259479095,36.018513757973594
054220  8710.325958769427,1143.9101829543556,5.700466417560191,3.304037933599835
054300  739.2682688720532,889.6197090142879,1.7867590224679,1.9148542155126762
054410  190.88636016593364,16.207679935416074,49.85097458439029,50.0
054450  3140.84659842513,1280.060373576184,139.6509697075912,174.97301379228614
054540  383.8920162296553,132.7416873312809,12.617811106843835,8.426149773176359
054630  69640.28190230021,112852.73290431796,15.924640427235166,29.70351643979024
054670  550.3855993869089,988.1410740487526,75.42181071638214,113.70966928493321
054780  866.465038447136,846.514923409833,41.73400732407209,29.619813188697417
054800  61.92392365232908,7.030173065674371,25.830633831184,23.259406699226016
054920  3952.184609334983,6684.816419734768,30.572069030189645,34.03429642777023
054940  724.4919796049965,323.4300130373391,0.7967154216276431,2.7414513593269447
054950  364.35942678000623,183.25732060563246,92.4372273435298,154.1892776211541
056080  5654.582860082613,3086.7958520482407,27.798142610078088,20.61283311165375
056090  0.0,0.0,0.0,0.0
056190  281.3462988104134,200.4055222126709,96.88166075923358,139.64240043768942
056360  165.8340318469838,209.42093708339885,7.901579815429606,9.433981132056603
056700  3465.9857599594106,556.231347752194,5.441008965623549,5.550275268448903
056730  0.0,0.0,0.0,0.0
057030  1457.477997934823,684.0914526257112,21.729344492431416,23.99305455057081
057540  5254.479587126554,2294.1355159526993,7.363746727643922,4.458325545164535
057680  3375.6888751622037,476.7054774409689,6.267535234750142,5.550275268448903
058110  1023.0280653416048,836.5640873371401,44.52255680569265,55.04064154987859
058400  5150.6891837537505,3233.8302850060363,6.29767973393515,7.968061244744545
058470  68.8722444544351,138.91740551693135,129.19344770645665,260.36299446904684
058530  0.0,0.0,0.0,0.0
058610  2638.1600488386293,2159.253568558666,70.37878783635946,42.32808366400098
058630  1127.5619707665005,424.5785426618836,19.743411287870142,24.560582693051526
058820  4608.594905513149,651.6059485779901,16.23353243882081,11.661903789690601
058970  3312.18151324636,3215.9741549887426,810.027555703483,862.2402990659468
059100  114.68803090507052,57.172885959070584,21.954451002804582,8.844332774281066
059120  3591.0879988672987,2685.8950579317543,62.44414778096958,124.49899597988733
059210  1144.9358333264638,757.3440844307307,3.9639373314337107,6.2826922749902545
060150  859.0255060120091,680.8934196251928,19.79078922603608,18.526257642120335
060230  50021.33093465733,14540.772841335955,106.33131032123413,114.37802819306395
060240  3182.250744068882,1421.9899984020833,22.841807699484498,8.668269082630566
060260  454.39564785182597,139.8419306057935,3.4499543799484194,3.1685959035509703
060280  2540.7318588887165,4786.195945285427,56.36398729220234,146.53175613345917
060380  1351.4021076673298,3294.9457970588146,11.735464363600807,15.170329228098142
060480  183.9832028708209,105.14202563939672,15.57433252203007,9.655165571973495
060560  4763.733940861225,5995.848751335283,5.322482892552991,6.949340496286917
060570  361.9140612370897,1117.525383753467,16.704258680483733,20.223748416156685
060590  11115.600585046457,1789.683481947452,210.23598058804993,124.08599168855982
060720  2308.6202302080137,1411.038575738531,74.39383904760807,135.63021623353535
060850  117.89699025918695,85.23090206413792,29.512162610277883,22.997584414213783
061040  228.54892662763282,603.6490895655631,26.079203782461594,25.505990581735016
061250  1630.9310837039936,3317.6110876485945,5.136026880029244,7.033649282003067
062860  0.0,0.0,0.0,0.0
062970  1148.1325324956251,253.30434921914258,36.670056287054344,27.94886203209155
063080  599.1891815930836,205.23165501993648,201.59354745797532,109.49378470437897
063170  1241.133633058609,1433.3535583844389,61.381934927826045,102.00272327519279
063440  8777.377652210922,3401.831102346043,8.205224091598005,7.690181330039556
063760  635.3401114616091,4612.428336088872,34.37868322902894,103.99839742355007
064240  4126.1408303552935,1462.4597122656062,35.735908423943776,35.08877629986863
064260  5245.833782822624,4092.153172027329,13.288599950997405,24.7683714083551
064290  132.95412429681835,206.59311594425296,83.11195012693535,159.7859679557487
064480  16024.444582477703,10749.454511276374,232.24596742689891,258.10010977654906
064520  1657.720809738027,238.98808896400394,69.92786531529926,55.481728724168484
064550  5715.74068785683,4373.451457246198,283.568387125397,333.0874092820415
064760  186.1847291855427,142.96560969532342,299.14898372566785,245.40216425741284
064800  9259.140212206681,2259.9433348353377,12.843247698553894,13.048839880319715
064820  191.04478066831226,416.8822122481227,21.19111784560471,11.48066006619635
064850  155.59302151919755,185.71278900495793,88.25985661262997,100.41524895264774
065060  1347.3104893195905,269.0774279314827,2.443535079278146,1.0999999999999994
065170  2981.789706588716,6705.759961572008,3.685616218418476,2.951647374301717
065350  2590.986726813237,2466.96371387087,53.31273448894613,67.72493386240157
065370  3302.6117826484933,2672.3836361736853,231.0560292605417,276.0154987596812
065420  3757.1575485935073,1261.1180775627458,4.88707015855629,5.879247873287495
065440  6338.498789892548,4195.464387486403,27.88130781908183,29.9095859772972
065450  6823.307442108389,4125.753722520152,53.48227555112957,65.94947561075321
065510  510.8826623531357,97.78368416504306,47.94855029660756,77.25858456436339
065530  464.529049999507,722.7186973889327,8.032193289024988,26.99228284775731
065570  2399.5246164637715,607.7544862488105,45.982736660181786,53.54878357369309
065660  335.38941908617744,270.1211682848191,70.11956490091663,71.5114598430831
065680  626.8736958854888,244.94763385942986,51.04934259922153,86.93611958725148
065690  260.4682927529887,46.617938845708565,14.49999102945648,23.463920293837422
065710  63.221823442678975,11.582553930612868,37.23815974377653,125.97354219570606
065770  224.46392607789284,90.79527643122309,5.380815345030464,3.9827405416650272
065950  620.6795175253862,589.5259724746843,20.099906554418553,16.30354426361199
066130  344.83705301512197,260.17413826555133,55.54385354846679,53.9351462406472
066310  61.45905466751298,15.775367578038306,34.11433307458655,46.72496358716849
066360  14729.629495895962,5629.172969056427,41.03088859552771,53.68546254703305
066410  0.0,0.0,0.0,0.0
066430  2418.865018802898,919.7483254794336,13.187671220364924,11.02466930720978
066590  4169.873731734046,812.4687378601099,11.673230401756278,5.9066817155564495
066620  43.71733060008451,64.03461737390347,63.61139826787471,40.88466161723189
066700  4011.5947467398496,661.0664111872574,11.896186396506948,15.423647068345703
066790  1416.3498630081792,346.8560075881632,2.1754471354951446,3.2013885876114596
066900  511.2124719402117,2.0286832072937258,11.398103060680485,8.15815883368028
066910  1956.9717830958898,4420.950491567271,15.702422647576451,9.0
067000  1333.6791873677487,256.9133641262491,22.073804873707157,12.892719737209145
067010  49.45059233422825,236.8176419854644,1.4782502241793027,2.9860788111948193
067080  532.5424557926289,505.8199339246681,128.2070385940539,197.7192172978866
067170  253.39926255675653,164.85902731997695,32.32251625774283,29.228981051917177
067290  602.9150035957591,1909.5854826520745,14.905180712448919,9.97775303139718
067310  9554.828728295195,19245.557062143518,101.66972297709547,278.62679140543696
067390  998.4531824498456,862.3412446486727,13.865340193766103,17.101819266447123
067570  1067.0864024147825,767.7911326222342,24.97553433455561,25.80697580112788
067630  7725.342822239272,5567.623877881439,167.0363572429636,93.82548812674636
067730  632.386711730866,590.7022224061424,26.638794834198524,29.516473743017173
067770  660.0985310994303,158.0428071406253,19.691956555041983,14.396180048887969
067900  200.77813765924483,29.338806307611687,21.0889795208789,19.65253729731156
067920  808.8050691967607,1035.021271386353,32.8779156290088,23.01931556082607
068050  611.7056194186088,772.2867206477713,11.1582132622116,10.903618155864082
068240  714.3359971003714,1020.9480365490367,41.18181306556724,59.138256089720244
068330  7052.606118554725,4385.67875957898,50.93124458854495,66.17740467024142
068760  8455.54227248307,1631.4144595684106,966.8275249801867,677.4133810967191
068790  490.9255312277396,403.94937664129264,51.91043274810692,57.66281297335398
068930  1681.3437592082448,1292.714441269481,67.1510326522557,139.60420242003224
068940  0.0,0.0,0.0,0.0
069080  209.4179138542835,179.1862593938374,14.526877740900254,34.10604377851852
069140  522.4945608109267,170.66055002059892,14.105297489726096,18.640606809388533
069330  2697.526366395432,1653.9830380025064,11.874824058064592,21.81846822202593
069410  280.2317979136462,969.4856763597211,56.48570399192223,106.57079024448178
069920  1000.9265863276296,1395.7085830820447,20.194166743083276,27.444894283312912
070300  616.1898922821408,261.2022120035655,42.299905412646424,52.54098928984451
070590  1622.163404315906,614.9247614320162,27.105259808037005,22.318129152975363
071200  828.6146305945725,426.24643889030506,49.60195357167851,16.829207415152457
071280  483.44884598118665,548.457213969837,28.16260204608664,13.64632632697248
071460  1505.5543048420084,978.5366676829235,7.88510100747117,10.542243067245648
071670  1145.7504000384836,524.6924390112321,57.51170536423158,59.42782737629457
071850  21.26753423617775,0.0,3.7619044482872903,2.5
072020  183.06824779484933,44.467166413983335,19.838054014866838,19.310331143946982
072470  617.2212797859479,945.8769616956881,30.266764001487633,25.92939130279254
072520  145234.81063921607,49986.7325897138,86.35648352995095,96.96519994307236
072770  20233.54226714588,18987.782852285716,32.894527629544456,54.08224189961886
072870  181.73793324117042,108.44927641785148,37.324685584827684,37.8314977528279
072950  281.1872924659449,94.92442022765036,45.89779624679354,15.129992289048486
072990  91.66508055260695,41.71724929677039,35.802092149611624,18.917951498216954
073010  189.37331887619558,913.0887263690321,2.339543788963708,3.285659074760429
073110  147.07976698512812,46.15024978865829,40.85455535222597,27.680719322702263
073190  4499.984748037515,445.1649195023742,23.596548187571134,9.650849127868952
073490  582.6215878872122,225.92412934926236,184.66157137240916,259.5936996325005
073540  537.5562250679095,617.7390864182782,13.087395338774709,13.437096247164252
073560  1180.3046212564861,1453.9318297484087,3.687592041920837,2.516611478423583
073640  7757.611608535617,2796.5615802664215,11.963785103646902,10.83205120618128
074430  1648.0150789092236,1700.300066328163,9.517167794590206,11.369989739074821
074600  2066.7458347541105,466.3994425382603,71.66083835975182,47.75516260631467
075130  1905.2103038166133,331.0170270880672,31.026489974292446,28.732482586013255
075970  2366.4527684944587,1645.0753930713593,44.15468034133851,56.37202813058579
076080  14055.681304675545,10793.677455138059,39.43144315996334,36.56804919902376
076610  5323.50077755381,14536.527469179911,5.642856672430936,17.384539747207064
077360  1540.8942252885417,1276.3056826464244,39.639373314337135,40.717181740499775
078070  112.26978989561256,28.36186798424171,96.65261179774554,120.0
078130  0.0,0.0,0.0,0.0
078140  136.76750592293024,286.7634022829428,10.891576139441373,17.978382080215745
078150  1511.3666734595283,3096.8646768411863,10.50989326299672,14.452988925785867
078160  1733.7925053514632,524.4197099864024,54.576221890468624,105.9475761350343
078340  1335.030113812674,861.720346490412,713.8003405145074,985.810439294605
078350  1129.6348520931335,493.2885114773661,112.18573865860442,100.56783227697062
078600  1046.9573973583902,355.0079247941751,745.9777680232941,426.40617047859683
079000  39.45832506928893,180.91064706705964,20.381379353459764,16.316317667360558
079190  3521.955878366043,1359.5210610930442,11.558744679418954,11.047573891533327
079370  874.8892779656586,3040.169841015831,353.5239572440225,604.6601432944699
079650  527.9307671476864,288.7262236483245,5.885660452270183,6.272426431081781
079810  3905.571510565581,3629.1797230534376,179.0964720644472,227.8937374206574
079940  103.03941841925827,76.70740946392772,58.136156521645475,31.987844913689067
079950  763.8252806193408,552.2003098715377,2.9715963749487813,5.426375913586854
079960  487.2877536309626,234.0674546649606,73.32592274857703,76.18398781896364
079970  9597.850053004493,5481.071691639227,6.714018446837522,5.372357231441541
080010  243.92985293515358,290.23305003623096,20.381379353459767,8.459051693633011
080160  169.96478180832312,304.9513986778149,11.386685544982445,26.265736024122535
080220  2105.490884008544,3652.5221234404894,7.355970484510566,9.195409482755812
080420  1568.4907384712653,1164.8784943789917,23.69046840913723,13.124404748406688
080520  398.90663785302587,749.1778820072631,52.0755474582853,45.422706020471985
080530  311.37789174445527,3.774328490679576,6.824239102934994,2.5709920264364885
080580  338.36521347488775,334.92582263341035,132.08013208019813,96.38118765263962
080720  316.2992069946959,435.505965005711,46.12564842089117,43.21136681733432
081150  758.0570239849396,753.1406309581233,6.888437581955684,10.903618155864086
082210  2511.6576029929342,260.80957080257275,19.672130436760426,9.616247824501107
082270  1719.966301124275,977.1369993790817,186.38965373026986,163.5376273386512
082800  333160.7029480436,45441.445294270976,84.2910077376694,70.14018502652779
082850  1140.1641556236495,349.80113239128065,8.807692220307127,7.566372975210778
082920  2787.2021392120637,2915.7783807339606,223.35675815876382,264.88341250863976
083310  264.53217496571483,428.5011461154126,33.47697113321188,38.501082235871415
083450  529.4050142326695,524.7175420060672,75.5830613797418,146.33485192833896
083470  26345.167619253756,3365.5297215544933,192.9198126432372,148.06914675995878
083500  178.72797740238528,253.18614144976857,61.75882062570533,29.295430056959788
083640  3242.118576437892,2091.1413908836166,4.171655009116698,4.883646178829912
083650  2909.317227902492,963.4469137194612,51.79202788002299,53.49974039397034
083660  4799.13289839767,4429.961094511879,9.401219838046991,19.191896438051373
083930  1726.0107795834572,3080.6461955606364,153.90579169063426,288.21982351439095
084110  67.60305271755536,15.469827263274647,67.80795554024134,30.075830089218734
084370  1588.7191425950234,1533.112362701008,591.264892190237,814.31805143254
084650  5567.417942578635,1591.5998156990759,86.16466581955765,72.74307909042315
084730  47.54582651660103,78.64667118758996,43.03762601331077,36.885709367661015
084990  614.9387455430266,421.8108528186012,30.06410078627678,19.447936194419768
085670  961.1030246198391,2753.3019822670303,25.947196841535742,50.47441596162027
085810  1116.9936591347985,445.27884521948715,6.211164463756989,9.137468650197016
085910  586.1912264835115,684.4262000634787,32.36353724771416,43.69369392588465
086040  518.7414309812174,567.7927879077014,16.55564828433077,27.139557025779848
086390  202.72354216357442,244.97100962268078,23.248197092551294,21.052843566184166
086450  712.2073745987767,1182.9812152166896,192.01435083378172,205.1925924588897
086710  317.52317014606126,157.02158733399966,89.09534931471408,80.0312438988674
086820  180.7021856999892,31.502310320920202,37.682611219838165,14.067298564006125
086890  703.9219017081899,326.7152276830696,30.974461636536265,29.561611743761347
086900  997.7610919805077,950.3326324094222,2531.590213965604,3697.7470618382395
086960  253610.7591918013,92241.5440575931,39.68397533038862,47.08030963742226
087010  336.06313514167056,171.9723782730496,43.18727218368921,41.096093353126506
087260  6602.573041943084,2938.5559605584053,23.327510298627466,33.926390907374746
087600  302.5866427633119,100.03463844533492,36.404479947524884,52.88982258746321
088130  379.1011193453084,225.94283692021648,21.21688213213594,11.685698761972066
088290  17559.18656119773,3296.5962798350392,209.88376942997587,211.3472655765072
088390  1594.151180230985,430.3204800559178,274.7338130884334,158.9986023698182
088910  396.67963468048015,101.31985107678656,3.444218790977842,4.898979485566356
089010  503.5471843923559,548.99552720299,198.28872462713554,78.4573486395988
089030  1071.3372817558047,1818.2482913202168,16.940859361936628,16.719914938645942
089140  920.3210090101118,1255.0213260693577,7.232859461053467,5.102940328869231
089230  1893.135929689952,2540.783441950315,0.722753435561551,1.196754871401083
089530  277680.32149268885,106341.70479729747,45.315910426396066,51.52884844649862
089600  79.45832486416086,55.768659059845916,35.77592421422393,15.0
089850  103.07885709706449,38.180579705743945,49.4443632503448,46.39923371014752
089890  1032.1067610887549,2429.004610946632,33.29932361435855,35.112517552703196
089980  793.0148088104759,378.68192457522974,72.05905775383444,70.09913614937699
090150  6540.433287158192,4590.770993223494,27.999293881389214,36.01495059925345
090360  77256.5266176787,67948.39891659618,1946.9940010072903,2715.2777635691955
090470  21457.525283120478,3294.0780367535654,63.33105131255754,169.9607797895346
090710  4898.726759124448,18146.172137548892,8.926570609769279,18.94755920956576
090850  174.72233360552943,451.0988509554566,50.524821070685284,51.50620243124985
091120  1341.0537976686148,1135.8946591417123,281.7553126233243,394.1235001028654
091340  108.89558144703975,218.81189537032833,32.212871568567564,17.603661235347857
091580  7272.7466415927875,3843.8586748503417,562.6512977238967,621.9503374243174
091590  860.1540444762952,961.2987100792343,51.254806124738174,57.546116772164176
091700  3493.856893416692,1573.4606431543039,69.12113663458237,23.99305455057081
091970  22194.454679310475,4412.917182796684,32.76304738074981,36.200813373305415
092040  408.97667018227565,415.117548278664,37.01393274811244,47.23934330148499
092070  250.32443048867543,308.0777968125728,18.50837198423361,12.775845264491196
092130  89.92924724985815,166.05820933904133,61.610369817869895,36.581719782183875
092190  1312.4371567136388,628.4441467271022,20.571946791616156,32.77914309774162
092300  699.2421927491988,1425.9750753626643,9.87697476928701,22.9128784747792
092460  133.20606742781567,209.90981132116934,16.283134792418018,9.910712498212336
092600  436.2975075432468,1042.7451504988594,9.774033853693822,8.36420946653059
092730  265.98299023172854,25.534399455549284,92.7137404546634,46.0
092870  205.92505430781208,260.96787584341143,47.84209197796753,51.060965739224144
093190  1034.939063793047,1254.8669699303675,67.52191612452945,75.87709360098957
093320  96.70721337970097,35.7370022992043,394.92092755620365,104.82790129010924
093520  2693.31499510384,1000.6078796855883,80.75605279132309,101.04124570359045
093920  2709.5466462299064,1410.5262174096588,25.88295113021614,53.62420680584054
094170  1684.5468183908324,1162.1058452462735,50.59479723018751,60.18859249614221
094360  266.07255705755665,266.60416142455256,57.185096622760234,130.94358412011724
094480  1993.6583303016769,3847.451829891225,52.9622015883627,78.29360694775079
094820  726.6048025039831,586.3244228998898,129.9747834344191,229.55246313932975
094840  154.83579970383835,411.9491621817214,15.205837095990551,20.965580258021856
094860  2196.7338885980926,3386.8294219421996,0.9135356295810513,1.417744687875783
094940  454.31392741253154,1475.7652045257366,22.5298968906248,39.01566636906543
094970  318.3784193346384,595.4839124611177,7.762070590655458,7.924995618645831
095190  74.75771479195787,523.3024576879247,3.7549828151041336,5.871304984602845
095270  137.9066628509619,226.71098831380493,24.5182511814966,11.100550536897806
095340  3658.8904324494515,4370.46546211677,775.6203250673931,1019.5914214363843
095500  32848.60286583362,8848.500713240759,404.79693911228156,489.8299024491393
095660  1132.1270009614343,627.0518319883931,186.9855064024444,119.50127846828902
095700  1284.1658317580072,574.3076643518989,101.18548097861712,76.8259215514023
095910  816.9703186535448,1581.9272493456274,9.043771463791085,22.985502677412416
096040  68509.27240965192,51878.12170329822,1.0149763046807916,0.7630348761506399
096240  321.3409792945578,56.98171246597942,50.26050762209631,49.39185717864389
096350  14154.192533696769,2321.9192973342833,2.977543421732728,1.4282856857085702
096530  1533.976183087911,1049.3427911475512,272.3849268720587,255.63102750296616
096610  23761.328475090457,11827.319353654628,172.73342649444538,167.14232125812885
096630  66619.51600461283,14158.300576811236,18.1727746878213,5.758472019555184
096690  13980.768922893267,12308.641034519882,1.9869501412173538,2.009975124224178
096870  810.9110009148884,221.39243437841318,53.021111771108025,36.23380864453652
097800  1663.1837008859902,1646.909240230182,24.41409156215752,19.197106263416085
098120  272.32380340724023,900.7600771940698,88.19616769360032,101.2828821777018
098660  20.906660410781477,12.604055784636238,4.339878724862485,5.241395064505462
099190  137.02610702433128,349.98334722288337,56.24940744282642,89.63444278475397
099220  4575.994415050841,3098.5996701018926,15.937050987329394,26.05472872414696
099320  410.7829406750429,2612.451615926227,319.97333395657876,408.14281269618795
099390  878.9785257327231,1184.0100318644077,58.97494132658806,54.328220618344886
099410  958.7893272171066,190.76624439349848,19.085491435922638,12.827920936595907
099430  3769.192082286836,1268.6388138473458,28.82001270218328,47.306330325749094
099520  0.0,0.0,0.0,0.0
099750  105.92014937538782,113.76330203052689,83.24830903589637,137.44695946679457
100120  136.65399465798046,291.9687749667001,85.83312706871013,61.82412330330472
100130  1523.1506860737688,2108.081489306226,32.47667857716958,63.698290575353916
100590  480.96261653226327,553.142666949495,31.593147217278172,71.61703707917552
100660  553.7481630630783,327.99956131406975,59.50017270150436,68.92911012208285
100700  250.25024312304376,195.95474534244437,9.22603202972587,11.884864324004713
101000  212.82280005856015,538.0943287813641,6.1156049863963435,8.084553172563092
101160  596.0886541973863,870.2414454238166,98.32097196211723,89.5203266799719
101170  5229.887525327427,7229.963473782023,53.34590555945578,209.1347253167999
101240  302.0084141311884,253.9174406508278,55.058383542700085,68.42757728674407
101400  93.69420226450124,466.0872545874741,1.228350500945792,1.4817407180595248
101490  847.5037483916994,1158.0519447186582,176.97892547542202,157.31249862049177
101670  25445.779118857034,8475.351813150099,551.344020488297,715.1612094874523
101680  0.0,0.0,0.0,0.0
101730  2385.252024764704,2138.157703621404,204.62701786716013,185.80874276763427
101930  583.2723700367465,70.01520469790036,19.467414541438202,21.807236311728165
102120  1985.9718438115056,2459.35774384741,58.411151701367125,64.26421157136288
102370  1122.288628129281,410.22997479733516,17.401424463562808,26.170381901854032
102710  684.9589838620712,233.3465734338804,128.30683177494825,117.38114556151399
102940  259.68645946997304,56.08514360624687,113.4090053628835,190.0
103230  0.0,0.0,0.0,0.0
104040  1315.8200238131494,631.9608294823344,6.331461833495596,6.9901518025163245
104460  380.31332446532673,805.701003267755,236.39901716669152,243.37899115029083
104480  2716.7077959727785,2966.547804547681,8.965769103024058,6.677075208003377
104540  2269.958880107244,382.0754666583844,182.7361699400818,172.75673326643133
104830  269.9229126475046,220.16293209045583,66.42342026443227,45.33823502911814
105330  278.8790890438567,16.002777536693085,42.53908039770262,17.26911179598482
105550  1327.3361601334905,1397.088870552701,8.494963924041093,8.137703743822472
105740  908.5377956467338,723.714342050017,43.24987293443709,27.746871695542353
106080  0.0,0.0,0.0,0.0
106240  1736.2481126973048,1677.908220241964,4.357824543905255,11.96754871401083
106520  14571.254895225878,9210.932392482799,6.819052698772524,10.907744445525339
107600  1395.9356076135957,450.1045804402943,1295.0879744644753,251.30769099961026
108230  566.3732034790723,279.46271665465514,17.768308843768267,16.65332799572906
108380  130.84415748663406,178.8382385161394,42.330644393094836,36.57716348883397
108490  873.8417194643312,1856.9929767114238,309.45892829881336,498.00992850433096
108860  10871.733634932756,6468.05237352533,116.37518714546738,146.33485192833896
109080  397.56297415417635,673.953909568171,92.10793107947836,103.9471019317037
109820  1295.7831745241226,771.2119869976664,27.05065199127306,26.729613207493706
110020  315.30137541106325,550.1581550386721,14.473054370435191,14.948987330994104
110790  281.0878488517644,299.4578601406215,256.7186680117424,268.8584923131291
110990  240.16860189481102,217.56221077097823,9.481895778515526,51.85878260558508
111710  3.553661768753653,21.50772471049,2.9565004483586055,4.818944098266987
112040  15314.048698704923,21893.140838298084,1121.1591853231848,1703.5298321100481
113810  3139.8678597831263,3080.42872124428,4.731280546399771,9.80527069148697
114190  837.6034043981156,1579.0785868136306,57.56957515346692,108.47426730181986
114630  194141.42852103827,20915.04110934415,40.770594982076325,27.025831264839113
114810  2057.7289634431245,2013.7905441121616,29.673912836322916,26.91756964429654
114840  62.43331510137313,706.1659271493256,55.20371882690965,71.30840685984288
115160  1724.3760801416925,1456.4328324902442,13.148871433670205,10.93414631123782
115180  162.38301480252775,568.4315311060388,49.47592147106541,31.16443842302028
115310  188.99075840841462,446.34578523830606,61.03512234975647,50.24937810560445
115450  3243.378532951787,3004.1069793423353,41.674123508951375,104.00908080013441
115480  3318.1603136083427,398.4269011444328,5.672285068473104,4.901247006856749
115530  4951.794312742887,8320.642577282651,1.4676533117519122,3.8586123009300755
115570  349.8017961161392,204.35083122469118,14.796574117651243,25.24546163834865
115610  1008.4873229451634,271.5131181606763,6.082676994323608,3.8223029707232787
117670  0.0,0.0,0.0,0.0
117730  11365.879660813758,32995.85692694362,116.80003278547856,121.53828843436769
118990  2355.433291263875,605.3604986562415,78.20302295415141,57.23635208501674
119500  2177.6258578302536,2707.230209190854,8.109551670952602,21.318354116165306
119610  339.3576321484439,222.11410731123462,108.65270834257606,163.67311596254558
119850  197.08975754365326,471.94448355241514,3.3445873150528587,10.64059313300825
119860  875.770729384952,433.0703676463368,66.2759971963489,82.32793504569933
120240  97.34835053948035,31.885925142956452,34.95202598859751,10.857664983268217
121440  553.9434900949035,340.55087562490405,33.82639155849891,26.5104801079791
121600  3544.4982860619275,723.875241706439,1463.9120539024445,493.2432350158377
121800  0.0,0.0,0.0,0.0
121850  11301.442678987087,4236.107812078862,12.07201767817047,8.70663859107265
121890  0.0,0.0,0.0,0.0
122310  147.68733319786355,327.6926083321921,31.248725260160853,16.852299546352718
122350  789.5567309735246,3228.111806028754,15.169867169067736,17.745108872274887
122450  371.4588306275632,40.12852961284389,19.295608295146035,12.512216252748974
122640  335.22113781546267,455.5143564026153,88.09700452362372,66.28976793844834
122870  4818.626354234925,4661.795906324323,1049.0370193916465,1539.1953164631907
122990  573.7082291147707,221.76932209442813,34.275616668747084,30.630413353760385
123010  1465.9667478231574,1311.6716560684436,12.336337532885766,20.041623354076552
123040  994.4681415185293,387.99319008915035,22.288431832418965,30.177254127350068
123330  100.338449113226,313.92828091071306,11.443659209720495,20.409692686455514
123420  3583.4982811941654,4315.129131581373,387.6308144137131,552.0065418291908
123570  1937.4124762212334,290.7741085829724,33.51657921396566,8.180260794538684
123860  336.59755904251875,454.8953982327511,44.38972235295375,22.163533613172383
124500  4034.8145392675883,2537.2058693242325,37.172433365187196,29.009576962712764
124560  1073.6886035912787,1761.6632321000893,9.242934697996391,10.626225419530053
125210  40069.03940849677,1950.6237865530775,176.11189802040533,26.025628394590846
126340  330.8133230912132,215.1793799497423,174.5665063535347,96.0902353693305
127120  1969.5743276804926,1081.8966904880008,71.76748790712602,40.34194123021626
127710  685.6859709666204,505.80391018215306,3.82988956894344,4.1799787346614865
128540  223.31582652532924,1080.2522956338591,5.6151274792029735,8.008675851155974
128660  929.177393457227,718.1659016008921,13.249388888976027,12.432037465981013
129890  47.144827451832484,79.44588654479786,6.4030429810578084,4.068851871911235
130500  444.2869510813308,145.8967062304316,13.043591367197235,10.056783227697062
130580  10.486103980551928,73.44964261315367,38.811693529535574,24.287628309262494
131090  645.3909639574763,700.3974934912951,3.8884016013688165,2.32952069462082
131180  3904.8514359361457,1575.8825125412543,9.658152864465436,3.208322510804257
131220  213.11178933945226,421.2028292086051,13.723901539472674,38.5299306456105
131400  38867.84092793917,16256.552504417685,19.380359518534163,17.463103962354463
131970  2135.831064262255,1011.483377685137,135.52226798451613,83.14979788844283
133750  2836.356100203078,1325.598221768404,17.959081714413294,12.827920936595907
134060  71.94954296290037,4.512821241258681,21.907002382386647,12.364824660660943
134580  202.45140216687568,312.53316446241166,15.881978871085382,51.64515681283408
136410  131.45139521058562,24.375397432657373,68.54212495115672,44.67164151400255
136480  2126.7701809799564,1972.662991153498,7.640464053114199,7.593857166596345
136510  0.0,0.0,0.0,0.0
137080  7326.706245788128,2974.987895586953,111.53456135517342,150.85828522895991
137940  687239.7459940593,37580.74260285741,40.03375266893606,13.85624608454813
137950  6853.148042134282,1918.352396372123,21.353766662497243,19.988885800753273
138070  423.110960027411,888.5318858781724,11.393537427386686,8.629728977333082
138080  204.9969264509066,81.17416803118806,73.0244495996651,30.066592756745816
138360  2861.155257749745,4190.318161349247,2.7165810672809427,5.640035460881427
138580  492.0067362465343,386.4996895212206,40.67075487090191,91.131163105103
138610  160.35198016932864,94.80940529996658,29.423881938042275,28.22331581433257
139670  554.8042112305634,1213.6780114822693,43.23302780315179,66.56325312562981
140070  2789.994215622139,5494.046565348917,38.86862528077732,14.576426936057485
140410  4009.442395209024,1800.5176431608031,181.94234715949545,107.38508069352817
140670  364.40855677920376,848.6892933616323,23.8054899709614,20.829999733290652
140860  111.3702845042227,83.51593992898735,834.6801464814417,425.5845653007427
141000  252.21561395146756,202.9010815370112,18.156448102542317,28.065399813055695
142210  629.8549971046762,1350.5532035264496,27.605629129316906,53.642075111075094
142280  397.7676364560879,153.53727017676633,28.29530614140437,23.40524632546206
143540  2628.743950944137,735.3406436626648,7.250103160484621,11.36192471957693
144960  2802.561364143858,1523.0109374379276,67.53578463329927,67.87672649737905
145020  290.8615785152786,110.57478113124267,611.9687273096516,263.7338725980331
146320  208.18424662087912,346.20068200715923,101.05376115256732,87.04022058795577
147830  1222.9734486862205,505.26547477538975,17.86904612936463,10.482790129010928
148140  0.0,0.0,0.0,0.0
148150  992.9323645350187,883.0849896181504,48.921777058397105,80.40453276332677
148250  601.1524468119652,201.544767566249,31.5700829152499,24.073960113690383
148930  1204.1962971892963,1490.4352608103,91.66513731262935,51.18593556827891
149950  145.91114568450067,179.29773190608591,162.66318949104812,148.96718505168252
149980  1944.3775160904434,585.6233374220442,97.03191489301018,64.6262760458589
150840  0.0,0.0,0.0,0.0
150900  104.73683387637536,443.8308186184862,28.892134968868472,56.824290580701486
153460  424.28169818797727,87.18547279602642,39.41296606271295,23.955978145107938
153490  233.1853442793533,358.88358372411886,1.2911287803993226,0.7888106377466153
153710  152.49907114914757,27.923327563566303,28.066369979556384,15.351438586225939
155650  25.5187592951252,179.3869188839216,2.956500448358607,8.0
156100  374.70117958905854,72.71849069451929,103.97810543566175,45.933526850100336
159010  882.0499937459455,607.759916048727,48.62950034547091,31.86952567370068
159580  1722.4926152449427,545.1429007354147,116.41273589278667,77.6351867533158
159910  34927.636312388044,26415.596196796734,0.6888437581955686,0.7272474743090478
160550  1648.599510333988,1399.2584976813018,42.197691421336344,66.30652724698795
160600  0.0,0.0,0.0,0.0
160980  266.57848654779787,223.79971452667723,54.22426165019534,50.50412524404978
161570  39940.57309210921,30117.598534116598,68.03027727733294,113.2621148781298
161580  599.9143331142894,443.68392152772697,44.31699265145477,47.323942730456814
163730  319.56735841771604,498.94043287305897,95.12902678874181,49.53674281671019
166090  515.1689477686492,618.8393939913293,240.55520241938274,286.82166352398605
166480  764.1782416528285,212.5426519287104,19.690635434879802,36.38681079732051
168330  121.60456033674487,123.70554644890518,2.7085251006043007,4.203173404306164
168360  15324.490053797843,5579.9360135718,220.85398531696234,158.45819637999165
170030  1803.6743391610855,1502.7480091116038,16.404105980762726,45.30881690012319
170790  194.00770766842092,227.35005803581598,70.49106776574934,68.92911012208283
171010  80.4906261306318,197.5122527844792,8.739494957512301,9.910712498212336
171090  15206.060847963443,3351.2563191535596,717.359448647605,708.3411764271665
171120  325.89008508181195,344.585638444527,9.536609999415795,15.563490039905007
173130  711.6423925688692,1751.5992870009457,33.396056145554105,53.826882998491875
173940  107.25454760181273,154.44393445159605,29.014331382927548,8.537498983243797
174880  0.0,0.0,0.0,0.0
174900  2393.192166345451,493.37231940549265,394.82843123876495,280.84317490173925
175250  8278.622281912401,6512.258066822052,42.51705907250427,43.13705548082247
177830  38.76412836996387,668.8813721430729,26.666124690989115,15.528647361856368
178320  8415.706195315333,10825.330252545029,310.3584581232096,482.889451347016
179290  3778.6413394934184,6423.335705240869,192.6311599604828,245.99096641046708
179530  943.7447879410348,454.4609505288164,69.01492094623742,43.29517550746529
179900  935.660355988748,376.2045971129126,474.8404628298631,478.70194856043315
181340  0.0,0.0,0.0,0.0
182360  852.3496556483559,944.4700454046526,109.08282850910267,167.29880121772808
183300  477.3184570800743,649.540860061081,345.68094737449957,574.8526381217673
183490  3182.5560110998395,1727.5092808883996,9.53257190684703,6.880326219656225
184230  1720.7694846046998,2028.0364285573255,4.787035909533952,3.7607623340665035
187220  375.6661042098915,239.8177085482499,19.048653408315648,17.59419096052887
187270  852.646973607775,351.8783628219022,22.049041923400086,18.645821694595995
187420  272.8877636129122,441.70603598119664,44.68295063000117,32.88067652723844
187660  1340.7576779136841,209.69920256299395,18.512588174421015,6.751543033509698
187870  86.3531215561858,106.43524896490926,70.81802389084551,102.34419052068043
189300  509.92622551018036,363.1405742500646,268.45997769758935,116.61903789690601
189330  1427.836586370349,4396.434577649889,214.3766221121617,450.31162049802316
189860  180.67749710591485,760.1456848671986,13.221871956076901,20.355179521029367
189980  848.2709806469276,341.9717678405631,2.234904267830809,1.2909944487358056
190510  2294.4914317296884,815.4830340901575,59.480931982534734,75.23001764957628
191410  413.24031099421194,300.2288386473816,11.315639817284119,16.87865186822955
192390  439.5709122413102,221.7338469627244,17.591739618627074,8.306623862918075
192410  3185.241701207188,2875.5576780861134,3.6450185527291703,4.382414352335429
192440  86.16390498562916,94.30612681875742,85.52950699072808,99.94442900376632
194480  2889.8058322626075,1652.034491165363,350.74619430576746,373.75348381876876
194700  266.36042726208086,250.2745803224042,18.093295048232456,15.220600075774499
195500  43.307145426051505,218.12912587629282,6.642342026443223,7.408703590297625
195990  4098.26033725085,12049.29923476419,4.208163119061393,10.387813372729926
196170  3791.027985698005,1080.4739515601475,318.53919954084256,146.14490525958587
196300  16.96485931603629,66.41616269152162,24.52037314707083,5.617433182117568
196490  24179.304319642735,17507.554770599905,95.39691986903706,127.57579446483308
196700  407.58341140539767,676.12385124489,10.605988530821676,4.955356249106168
197140  2867.58896612957,478.92211846557643,36.35585481019844,24.621580416825854
199800  54.4843006915959,86.4410910517806,170.5564132903366,199.86801200347747
200230  1042.4544228527625,17845.62901428682,8.809700452362371,5.532630477449218
200350  222.29310552931884,309.5368026943197,51.926466858990665,42.73432136143292
200470  3539.850007698507,2727.5420129160657,77.75163906781341,93.04956862996315
200670  127.64011093239674,237.23416467467092,138.59710360606988,143.96180048887967
200710  14068.18153036418,4144.331089840944,341.981129028873,354.90609086536307
200780  308.1045777025208,142.43564238708734,128.3279163327363,120.3240993687004
201490  488.74682069006997,954.7646952696424,29.35838333792311,41.27953488110059
203400  1316.6157235805763,48.214439976237635,58.26488725097102,48.58554883456145
203450  1121.9412435623549,2166.7918158727975,36.04901854105259,33.43152205130163
204020  579.4187406385139,407.2352800695604,12.568232089534293,30.0
204270  2329.1269996814603,1695.0640564756116,106.79611898461899,71.43684079116477
204610  22032.055608147402,8834.836925112613,19.523992017720467,12.676706547399792
204630  324410.7106743924,45245.0455466182,67.31196880675084,62.49132384223874
206560  2388.1857176216918,885.5193178142541,66.57207996920027,21.74600857373345
206650  1058.7922625099243,1167.4782648464552,29.956611009661668,55.758407437802596
208340  1693.9462795256625,1255.839891157397,25.55013842156403,33.67491648096547
208370  20242.1416742615,33890.91305933724,93.79722189141502,289.7786511575114
208710  1291.8565027607694,1233.6059973373456,7.2645848847946635,4.72111098036139
208860  0.0,0.0,0.0,0.0
211050  1845.1861931547578,617.8395773445833,23.524070520651016,50.61949558552844
211270  34556.61229262151,93501.1864951991,407.5382300459817,1725.8178415528748
212560  286.0494816134467,563.7354541114315,28.895736356849916,15.524174696260024
213420  1063.4149857143407,422.6926188141922,326.1575878503871,522.6428566005237
214180  461.96015882917163,122.33435058614293,58.51260792479042,91.95953216255266
214260  213.17609102720684,233.26041717835926,170.32746816056883,113.72481406154654
214270  1964.001540210183,428.5423108891609,11.666542787112983,8.259674462242575
214370  470.5880020122455,380.0988994108419,3403.413845898205,1666.2299427816745
214430  352.54602728261955,219.12700781865198,33.66604677587031,61.087369125431046
214450  81.25825020148078,160.83302590644195,450.0664767640041,439.45673532467583
214870  0.0,0.0,0.0,0.0
215000  268.5286033592331,125.86148029568946,821.7009844246081,901.6589648469587
215090  0.0,0.0,0.0,0.0
215200  552.9603670551976,379.35981893477094,421.21176958711595,209.25794820959345
215380  229.05173928960264,140.42255279453275,9.871705643935067,6.244997998398398
215600  5608.009696819843,3934.501321500463,31.15200556260094,56.79984350526172
216050  400.2977195888236,310.5878816409653,141.28148447832638,94.5639113686259
216080  1234.4191757068415,347.278980072218,136.03956699328737,83.2666399786453
217190  247.14222609006612,433.3651988283732,21.840401135239684,19.88857852023507
217330  151.01141496778428,379.0144001955012,55.525115952700844,43.5685921533187
217480  0.0,0.0,0.0,0.0
217620  2241.7092269213945,3633.0248127421314,4.390179182792421,5.478138369920933
217730  1092.9437666243957,367.78557158576336,6.439504766992621,4.487637339278752
217820  2408.0594213804325,1356.5914966889957,71.27499470310158,71.05553383719587
218150  331.758045304631,1134.774930694776,15.997853654164436,21.78238329986464
218410  1128.0847517256682,1292.790487880985,352.9568868797401,412.65064589257054
219130  174.7935365997403,50.957760285684955,84.9814817313329,27.776888874666206
219420  572.4911243058264,713.5820314130362,54.5266262083101,62.43574474787838
219550  45938.14192703745,35477.17456205703,45.80208975143312,61.229840219727286
219750  0.0,0.0,0.0,0.0
220100  116.60451047297902,340.6020878124828,6.271684546846315,14.514360704718161
221840  1263.8361815759833,526.5812219718183,35.95435885835976,45.727453460694704
222040  105.73951462520422,938.6405234285504,30.844006833487516,51.149019758175434
222800  1489.424153158692,1382.1416859352735,95.96435342350657,173.97317800933186
222810  6597.219251332798,4233.382919525864,36.91610986458106,44.356197111815426
222980  128.35775317123444,181.13570419255652,22.883908255014784,12.72028126872813
223250  77.37257995590078,41.13367098726893,34.2998954865028,36.007715222651306
224060  29435.82229242489,10367.668360822508,332.74127093267805,338.41476852459556
225220  1801.5164117747743,1113.6940259035841,75.20903924241362,201.7614102514816
225570  3459.232086835622,3109.8980983662827,199.58906795159305,276.28165982481636
226330  571.1481289680685,729.767619786524,37.90837302044539,48.60384072615387
226360  0.0,0.0,0.0,0.0
226400  3621.257231333321,5944.009788013475,76.5468305919537,73.2089854837202
227610  2599.9922912716906,2263.5247344204863,6.753116211349825,8.696678804131047
227950  128253.94875382594,58303.35314855876,47.14723324329222,48.498854511100454
228340  781.0971538725008,223.75750763320144,15.524141181310918,6.531972647421808
228670  2273.2813269974613,1382.3667550818614,323.90855712977674,179.57511582126915
228760  1168.7966338417973,614.1636128372743,67.04712803492427,35.74757179010748
228850  72.1124108034356,49.22235264592703,29.267861218616133,25.34210374499762
229000  420.16862478893404,418.07523113536496,21.48493652302802,22.18858565419016
230360  792.5965797234971,1140.8621866329381,22.814457690434736,22.11334438749598
234100  9100.554975472787,2041.752065969051,18.067396083794122,7.461009761866464
234300  598.3489753964324,501.55946695171536,12.043970775867395,8.21414768690107
234340  81.17590514088681,42.90792467598497,65.83332784502755,120.92238098144705
234690  369.8994182268722,58.29447277019971,34.27561666874708,32.1126489443369
234920  6435.520089315174,1701.235079451266,98.59787047616679,89.39550075678058
235980  471.9954959308195,1003.2494366917044,156.0923710622981,182.63168764848376
236200  130.8120717936655,144.42108187134207,179.24282879752317,184.5715759987617
236810  33309.68002739707,2672.326336733596,90.28224905991972,70.21870595978444
237690  391.95720635409066,323.0542248945558,545.3235108902389,457.7845199072012
237750  14.56014831087057,75.4000368405451,9.226032029725864,14.2828568570857
237820  1064.0468926707554,466.03075721100925,95.82980056526662,31.062660685924655
237880  1124.3109079297888,911.9505523875732,85.63771913476924,202.17951319447667
238090  228.06350777712018,376.4775646259238,26.83727508572834,11.575836902790225
238120  63.930275495026024,144.07646118178582,21.304980291559193,19.174636024359543
238200  507.13120009549965,642.6238756501004,51.67737908258267,61.84568609764861
238490  635.3451576134108,413.5873466794327,37.2856342627094,100.58108945301574
239610  15.72540115275895,28.269516365788,91.382035317518,68.23163163486242
239890  142.98697029190117,177.8514986036259,107.90792699146922,151.84970639857468
240810  237.135349067395,531.3989514061498,42.85590405027878,65.74360974438673
241690  2141.6820788695723,1962.1218265495702,43.48801071516768,53.84158863431378
241710  164.27096216753108,112.95474019860049,30.937485218991842,44.90607481795257
241770  116.5649256588814,88.29295303451774,61.22067349910208,47.44119166575252
241820  2842.585181859821,2843.4759958348327,565.715959953857,857.1090945731471
241840  497.53558325782114,207.38256650183706,159.68556512295288,124.98888839501785
243070  305.2542755421004,352.4637790689357,147.56081305138943,154.56929406148774
243840  373.08857710785827,411.71499851232045,485.2668039004337,455.10682506662357
244460  867.0892352782867,461.6391869077936,28.795630666360907,37.27674282385138
245620  2652.738888549353,3045.535647833107,8.75602958596542,3.6490485822410674
246710  396.8502077723394,202.36097834205975,73.18102936767983,87.41980451946928
246720  44696.87018414225,8182.5222913774505,317.1038295411732,259.1415314713821
247540  18703.07058721157,4695.345186695246,1743.129817562102,1017.2129679778088
247660  525.5269235220153,574.8490004630202,124.91995355861435,246.78578205038923
250000  200.99618190522594,326.4828054005635,67.08436609835331,48.67237409455183
251120  156.55911836818947,257.00432551483124,25.74993812061304,41.99073971987421
251370  923.8730424377497,682.2645299947,184.90597211115852,173.41152082706492
251630  971.6706243832227,855.5568745300077,49.656468141661584,40.061064500196316
251970  106.5546519893051,153.5781523814142,59.695725178429356,56.38754787677466
252990  1554.520623332571,576.5579868688164,13.609692328857403,7.58104361036277
253450  979.6492852875524,383.37643380886095,469.7066633930118,543.2822061834489
253840  844.7195250274135,1012.6790190161715,35.3192663049574,75.79284633496461
255220  874.7103685953423,457.19929522644225,4.474927260350927,5.471644075494029
255440  872.1386645230721,667.6810158218437,101.57961564337593,186.75117134840144
256150  221.86165313580895,170.59205400278432,22.566816041797033,41.70797951897879
258610  809.6456348985662,183.52883212787634,7.355970484510563,11.451588924201257
258830  205286.0966904471,277043.21886934893,248.1674772692698,317.07938017684677
260660  434.58678928305545,221.51474743983374,60.92591157588665,90.367152341004
261780  556.3463462843387,1125.9778071623894,8.951249629362326,13.148721948877345
262840  81.22994429492175,46.72310872457965,24.027386386498154,14.177446878757825
263020  866.474510302018,173.35307579875504,16.330993624318886,1.863389981249825
263050  940.8761309867319,706.7970917377129,27.60185941345482,39.93918988773919
263540  0.0,0.0,0.0,0.0
263600  2713.5823073210104,1273.9828190887556,72.54264238073773,126.36147443830427
263700  1092.3038802958952,675.124321061602,39.649872420153436,34.41737287411047
263720  140.26214493871672,295.76251734570195,81.02876507778714,87.13718430663735
263750  1549.0535474346843,1216.9130873740419,565.8049803195642,833.0416156071276
263810  610.8185259077294,290.2256516727783,40.23603615689729,40.77751286623002
263860  202.07339411139785,184.43517379646795,132.16519162476644,136.30195237861497
263920  1579.2743983837065,1125.891216868762,7.744623189379423,4.408199430858616
264450  262.068042097593,89.0070159531758,61.26994567890818,76.3100401141437
264660  159.25237008513102,188.6110076910206,62.7516784872378,40.077702307171045
265520  559.0251940063335,527.2105261552437,98.98023221010484,63.77042156569664
265560  1091.786814103638,1770.5817072991074,111.54015902787003,145.9333942439343
265740  0.1766846959694085,11.389859037270346,0.0,0.0
267790  392.2683758194817,90.72158263365759,29.85919087846745,14.715826703096083
267980  40.33006382175469,25.557690732058628,305.5504577087643,191.52168429594482
268600  57782.60154583546,21448.63518126244,323.2782778863649,710.3038473467221
269620  0.0,0.0,0.0,0.0
270660  2289.168413414353,1972.6851874764225,83.69957674159507,180.3604415854233
270870  196.66706232286467,141.92782203171677,55.57382056092394,32.55081497528988
272110  1084.323709206598,822.186472496085,88.91998531107126,59.6284793999944
272290  1263.8308775278106,829.1120343810936,542.6742276704612,516.196022198286
274090  1316.3643037658412,618.8925422792626,113.00548364582603,118.0207138128256
275630  418.24818745086185,218.85017706184294,17.13021683529259,11.175369742826806
276040  212.72220065476188,409.063522641112,45.253362365806936,76.25978989976011
276730  1394.7095475992169,6150.378681747075,3.247667857716959,11.553017883748915
277070  311.2979975654219,668.4886901727574,15.524141181310918,55.62673218276743
277810  23385.311775217822,9505.453428018162,2813.872280548336,1161.8041525527824
279600  354.5501642061467,283.9127330712731,56.86393201131736,90.66176457336108
282880  15439.519414417633,43880.31120552055,787.7278009880896,2068.0801617818283
285490  163.2402581897632,77.54847229672262,181.19156993527253,135.0
286750  30.847751407671016,202.5092480741449,2.3757358244544475,2.050745122036269
288620  395.32007079920817,690.818391474923,57.97484114713363,76.73909622147559
288980  20251.663165780457,10879.001261553789,13.556065412548834,16.1245154965971
289010  2065.6901838087606,2657.0113747508785,104.83548382133843,38.58756276314948
289220  1402.1317841281664,765.4768223503279,129.22485626049775,155.76905982896602
290090  394.734763884483,262.1807879222953,96.3020741734801,70.13954345129112
290270  473.628757353144,211.41995070370146,15.631021212368667,17.435595774162696
290520  241.94199991225182,1317.8521144481865,11.005627167246438,22.46231411844193
290650  838.0663202444015,658.8537360868157,80.87065249497857,78.19136070493268
290660  415.3384713527511,505.2035849261386,2.8598916463614823,9.962206359815859
290670  34862.03352807749,9674.464623085523,3511.245498847066,2833.372548748223
290690  40.120577887553125,62.16509381388311,29.16814078827695,18.345450541089356
290720  207.70436446471197,71.28110237331879,63.7927184412032,59.86002190295475
290740  96.06486275636674,79.82246968533777,38.9775676567567,32.61901286060018
291650  2972.56567129059,274.649878127691,91.36068187983486,67.3219874929432
291810  744.927249938081,578.8550730153063,15.611036945242398,17.4515201502779
293490  5877.46923777564,1327.5813848248,180.38575845181697,106.24918300339485
293780  940.2743571986907,536.3987902878065,19.25782136335394,15.380362660079097
294090  2994.5068929187273,6719.755555739277,195.55412343519583,383.5108284723595
294140  1813.2428507500163,3061.3038877794106,54.32204428514615,53.5090854175459
294570  407.9300964376184,235.5219357559338,220.95008170539143,168.1930108205715
294630  686.9282180045792,141.7264814900714,7.9180243281506915,7.22841614740048
296640  962.4541331287903,327.3531222803086,151.92418285483132,171.49797536867757
297090  3395.096898324324,2795.036712937178,141.3867692620937,178.4877835844484
297890  405.8141057793972,3128.795563258595,54.04742204161482,240.90016373777928
298060  14462.598306430036,4467.407782919406,599.0203587679825,360.72457945394046
298380  658.0564120310602,688.6299151213226,45.67678147905258,96.95359714832658
298540  252.42601454679587,343.7476529212801,65.67507442420107,80.55363982396382
299660  683.2494193123289,174.48638597004896,71.77691187313441,88.93755612163451
299900  1087.8851836185345,851.7051008940178,213.76365721198027,230.1258110010454
300080  467.23060371164155,661.3550601269756,203.35377435450948,333.287496848525
300120  575.236539140673,792.7317389886696,17.63309724995671,17.0749979664876
301300  2233.6152954887766,1888.8697667005936,795.133481159989,458.93596745321906
302430  91.35696871947327,157.02682007294877,27.06603479148779,16.01735170231195
302550  248.7292574193031,245.898533726594,28.247457134180173,38.094910712878985
303530  468.17931274948114,262.1686925117745,209.3063714462407,226.6492640378276
304100  17543.19366010778,14235.552087838234,872.3525430795015,829.0908675571494
304840  304.8940280921965,487.558822662,24.341483199888362,36.84954394410992
305090  1574.4071430977608,1346.7144892498764,70.86502830912342,60.24855922666441
306040  1060.2504995274367,241.61238240895955,40.857102314938594,28.60458393723326
308080  1277.544959611733,869.7093058411338,65.33034601394492,116.12301905976936
308100  109.38632147440734,438.0601544181905,24.15265360946436,34.41737287411047
310210  435.5971800021282,352.44458035586564,273.3954228440007,569.0537955432881
311320  474.5426978812158,948.9609106807297,72.75176959489265,140.7397124718772
311390  319.397706474459,280.2163866252888,26.11508986839883,20.2895703913776
311690  21.848975525860627,24.904729582060426,176.22766941437334,133.49989596333856
312610  150.4391144590035,2627.1826627269998,9.476406981657018,32.802438933713454
314130  916.7445002115114,301.5753176608162,180.65264961437765,68.70953354520753
314140  477.35149474128366,921.3134277878632,37.193422488106314,42.55845653007428
314930  53.26543978944077,52.75761135187562,152.91139218698493,122.29290885229429
315640  1351.396505119007,778.8810556746704,77.49592987197563,48.356316374733645
317120  743.1575181441641,618.1834894808067,83.10068113436132,109.2240307299126
317240  8158.007760233192,6446.183045027499,4.161415351960156,8.320256406305434
317330  2151.0546579571733,2570.2384290610516,347.7410377629205,332.103732121289
317530  535.0066606604937,932.8851715690058,28.507807864884768,41.36692183644104
317690  2248.149296907629,658.7257092295698,124.21072357150202,92.37905005405115
317830  8237.45822207663,6453.745529277294,141.43092135416657,361.6414737769378
317850  4100.198560710549,2353.7160510326835,161.5623512464168,146.5014220636328
317870  495.48343203945603,682.5635053889777,47.56943553028704,38.94297825739006
318000  10439.406601501216,11135.06743680622,134.44687627097125,228.11887739120192
318010  119.52821757679806,196.28280334478842,18.798454560430287,22.420228961066982
318410  6.710452808794905,1.9947152400502914,18.156448102542296,16.76305461424021
319660  4391.5440160555345,1275.7689537425392,97.70519910077222,91.95409482755817
321550  268.44724046954326,251.83932487908945,20.077892025284434,29.31817790306136
322180  15718.468655769686,20266.132225107867,741.9496492336382,1318.1084511104877
322310  267.9338410581671,350.1581690227051,158.8348575303965,59.40819247657122
322510  907.2210659122524,969.9178206883762,116.57441474327345,154.48264915157586
323990  1583.770221485459,4696.0992134134285,158.86892089724518,266.3591977428641
327260  385.093293830435,149.41443110430205,51.64515121597292,62.98941710054687
328130  1013.178307623343,489.0849233233654,190.1584858476064,180.96193583796077
330350  274.1212010815912,104.4877504782259,56.7448604575381,41.59193297851026
330730  161.4036891910942,522.1034433477292,15.88689208972451,13.384277675275907
330860  525.5395681288848,235.84545080765636,110.52801096136649,66.43710475998249
331920  128.36543017047538,35.38997033058943,55.03191770873837,18.547236990991408
332370  484.305645617198,967.1586770880293,42.539080397702605,63.75386698511358
332570  692.8183840050726,1654.7190980143228,37.96597414143097,47.720540650751225
333620  136.36826555381603,93.5643628739062,57.56957515346692,26.54974366898652
334970  18265.233857036634,2924.3163655041767,34.06396627122201,27.663152387246107
335810  873.3694461028825,8.97527467855751,16.498983035541187,10.0
337930  755.2866468001056,792.5450432344875,39.610486424120865,30.457620830699607
338220  3733.7594883379115,3795.93871116077,239.14868088969243,482.71558223588903
340440  14220.077016451005,11919.09767189707,7.927874662867422,8.281505499203229
340570  1252.1181986340891,330.56964470441017,258.9802301825185,158.07874268505836
340930  1248.0881245734824,657.224789043546,107.4091828953155,56.06444704286506
347000  120.19741825363268,141.68888061132,14.353932555669026,33.97548135543238
347700  791.1028222286843,928.1214623576427,36.55281412700721,27.680719322702263
347740  1764.5547728268261,1177.9125981535683,23.67179330188043,14.326548781894402
347770  931.7301317986668,377.9752725598152,117.49200163181567,139.3062174571624
347890  7203.790031786071,6207.74281943302,201.54398822179107,203.9498849118468
348030  746.127376816428,238.46441383708944,148.2271227432867,153.8599651920177
348150  1316.315506239557,310.8883400837028,65.35104915294181,31.930480039541482
348210  8294.907203273953,271.8457569202719,158.8197887108538,153.47819244295118
348340  75434.41993818888,22876.659092815302,1732.0913597925642,1237.4088069654085
348370  1863.656597839907,1609.4868070979091,735.7102085237901,543.2515275838829
351320  3168.449604943003,1548.3179331849844,51.91394063303178,37.15732319027659
351330  483.32983289605215,685.0364215783633,73.86744603522523,86.90735808255184
352480  575.1165814041839,138.57745928621372,351.8126097554413,602.3126725842282
352910  234.83833746868766,728.2656078351879,26.490922796964917,28.134597128012256
352940  103.86163051601075,36.45333394294074,14.353932555669024,17.339742404853272
353590  708.1696519785005,923.5326283112879,19.90612725231163,34.227993741315835
353810  587.9839256086799,848.4614048709319,10.60844106606797,17.18284027743958
354200  522.7685842855526,195.6896664506216,21.265870611418723,9.195409482755812
356860  476.8022799357455,332.99496325853875,42.177959041757795,41.63999146120095
356890  342.77837984608414,311.2411373124632,44.1546803413385,57.63968540279634
357230  768.9406702876863,343.2898419055762,32.77330453455164,18.752777572046938
357550  2952.7340320977123,2062.5294729207303,1091.3718943891872,1212.5684402219208
357580  566.8273755503144,780.5952465195321,113.23269899065197,186.953351281959
357780  86.14037620112163,71.23575881067973,474.6431925665213,350.0
360070  831.2262971826575,1137.0141189390158,347.9985886320609,440.8199430858616
361390  415.8174026936997,673.7915965308231,231.94423241609738,285.17051429315444
361570  66.03563821974048,94.17215913185571,52.63306312601474,65.64212739459994
361670  353.75248700235846,266.88321207765927,45.0874973152417,65.36733808936148
362320  1214.2822325433867,915.823144620304,44.485730621494795,37.429934544425805
363250  93.23173326399628,118.10111016507093,25.243867801953346,13.53596033616464
365270  288.48835272261465,563.7518563655075,55.80551929111202,67.40342886101732
365340  5021.078460174249,4040.8322030657664,2199.148449328791,2022.619313882098
365900  446.89327864424024,714.0552452950216,36.35585481019843,43.262763049378464
366030  883.5783162792981,1173.0189749341466,25.96323342949533,23.048258550750035
367000  835.7614683927155,552.2315788386849,81.91643161778129,102.38760775710224
368600  11339.890960445655,3460.0260557785787,109.35436292597991,138.12273125336355
368970  180.42822803947598,791.7678987907727,7.4960967991111325,12.741009902410928
370090  545.0516133232378,272.5591903095954,139.18373605753814,166.5479577245612
371950  3615.415690626041,1313.5090529654608,184.9971172821499,251.41842061038855
372170  2108.2502911947104,2249.9917345527197,1699.9234848423087,2053.4090895116074
372800  609.5902054022624,157.790437676756,33.073562885100124,38.56452025142048
376180  2116.4483713610484,2660.461509880486,74.73992367849475,75.7598545111826
376300  1695.321357655594,1128.1828067984177,230.96639033664718,104.4030650891055
376930  1773.8273903686515,769.7101655096474,44.992773150763306,42.55845653007428
376980  131.40477693228792,103.4729218470009,35.90077666051674,55.38652062250044
377030  1639.9278695338016,959.084054362981,167.9626339695516,202.5394337461775
377220  569.807808480736,851.4886415370834,46.46729126092881,73.69305711304605
377330  247.61453377398556,289.6623724269342,50.44237189520485,75.43135216134526
377450  564.2634236225962,173.04083012078075,19.236195504355585,27.896634603876905
377460  333.7741046960665,353.0511467510369,37.75434039315709,28.691849404007094
378800  6162.308600704981,5450.033497960254,66.89952395892905,84.2852300228219
382840  58509.08426692749,11661.9436784783,1039.1804182755602,823.4767081641645
382900  440.8173564270891,295.02131938029305,86.49733985672209,94.51631252505217
383310  5657.746620340927,1341.329357598482,980.9210138333322,608.9061230326615
383930  121.85326635906209,179.77419169613862,9.741721851962259,9.219544457292887
388050  6189.707550512713,2363.6334966882387,41.09074751982218,19.77933826552906
388720  7882.94384813181,5186.5533745124685,222.41695710888,153.55961564016616
389030  506.63707103623886,1920.575481174559,15.331915662343405,16.072751268321593
389140  5340.017547040976,3948.106500449157,177.5659218648114,134.18229722615757
389260  2138.6867200636193,1800.8838882306902,387.5870551065403,203.17616876876966
389470  77.32365052350386,105.38627361600118,62.61721578606931,64.99230723708769
389500  5430.010475572612,5449.310629693346,1272.8167326695461,2060.895166884742
393890  585.6122439910001,1019.656706936212,377.76383507219094,478.9716994655206
394280  83972.77505964348,49736.12193322542,987.7791232122202,1017.7166708972701
396270  5127.7125488223965,2794.897108223406,78.12314513927107,129.05683502498684
396300  2127.6717676569606,3869.947552903297,8.869501345075818,15.07389207279335
397030  403.16888630510084,456.8086214889849,83.56893507440013,73.93390441618934
399720  57627.39823677675,20794.189352370104,985.6857931564122,1115.8019039636422
402030  1856.6137823286163,1373.3902743049973,774.3413837345877,1361.147391806715
405000  5498.849719842796,3833.0735969975844,48.3333034315216,35.49021774454976
405100  836.3481841432232,1015.9215499021346,107.54956749937588,121.5040008486232
406760  5.713230168601408,5.404627646748664,2.765552935400362,2.5
412350  596.8452913184376,1175.159180234273,42.86075996826505,44.308263588434855
417180  1600.1195695436727,998.0591059095092,42.991662430075465,43.537978312681844
417840  5977.528897730649,18087.75565615222,314.6915970417692,602.6991141707628
417970  1962.11195226353,1688.4621484257991,161.2419282236282,99.16316520429011
418170  0.2456701001891583,126.2970924271638,0.0,4.349329450233296
419080  561.2376745794295,517.7183715324599,48.05693813394246,32.28346670080868
419120  2530.4702441656373,426.7757998449928,83.26955589292896,78.7690012349754
419530  933.6479169807076,697.8150893244492,379.2415345386773,354.37346903451396
419540  7355.205748057217,22057.999271743178,5.913000896717212,54.358889695144526
425420  395.0006203975686,2716.267189647505,38.66126004278356,103.20206716275922
430230  158.8553684825716,408.06700021769296,5.779507376506103,5.937171043518958
435620  63.183577075619624,8.97527467855751,8.109551670952603,5.6174331821175745
441270  1665.9201636559112,1000.8654166381325,41.639151511595664,27.770888034454742
900250  403787.5522208913,503136.08676808194,15.716928842405979,51.09934768011558
900340  22068.701619102234,20246.930000180822,7.965325479200088,8.02226069550639
950110  74.81669587244221,35.9190602450689,18.34034804154817,6.749485577105527
950130  758.3168941588347,922.1356907864603,22.011254334492875,22.313423961572745
950140  652.694442583827,220.18442774688273,32.759807612333226,38.399942129586016
950160  361.01236427470064,302.14686642242197,43.134231355991666,23.607908279501032
950200  388.28803527158504,440.66641452337717,38.83313645577338,50.64473209415653
950220  1824.3946713234452,3004.915017470914,14.995663611831558,10.546194679704254