000250  0.5252968036420403,0.6387793180324038
000440  1.0900308484569745,0.8995853447772069
001000  0.09908105367329201,0.6379933148060265
001540  0.6984088495613954,1.4261503613325597
001810  1.206013834377594,1.026570800404689
001840  3.9753307190706075,3.8565034743429227
002230  13.333694688264217,2.7065466220005447
002290  0.18931088576743627,0.807968534695433
002800  0.5187200122775405,0.6459804234599397
003310  0.15050016214706965,0.7082349296434491
003380  0.38445522786307124,1.2596336171226785
003800  0.007937663772056583,0.4788836450063267
004590  0.880846865880734,0.8961401553645041
004650  1.7056391297277105,0.5039102839374292
004780  0.6403123452427217,1.571433274220813
005160  0.34053733345447323,0.5080960797254926
005290  0.3070296271254915,1.4706296729639259
005670  2.771131717195825,1.3189992726292845
005860  0.8595758353936859,1.425893595466045
00